COMET:0.6973704223377634
BLEU:0.3724346482936849
ROUGE-L-F1:0.6565405353555797
